0 0.46236328125 0.437578125 0.50568359375 0.1429296875
0 0.20224609375 0.26197265625 0.08841796875 0.51970703125
0 0.380859375 0.83310546875 0.09765625 0.33380859375
0 0.210234375 0.63978515625 0.07244140625 0.28099609375
0 0.0648046875 0.81626953125 0.129609375 0.1012890625
0 0.05841796875 0.529765625 0.10689453125 0.35099609375
0 0.79935546875 0.191875 0.03623046875 0.2196875
0 0.86666015625 0.31669921875 0.074921875 0.07515625
0 0.75125 0.291484375 0.050078125 0.0318359375
0 0.36435546875 0.13986328125 0.039765625 0.27544921875
0 0.82900390625 0.0766796875 0.02876953125 0.1491796875