1 0.70845703125 0.59427734375 0.09587890625 0.81142578125
0 0.32509765625 0.64904296875 0.24892578125 0.1408203125
0 0.484375 0.1519921875 0.07529296875 0.303984375
0 0.567109375 0.04189453125 0.0589453125 0.08380859375
0 0.57955078125 0.6462109375 0.2144921875 0.10390625
0 0.099609375 0.8144921875 0.18857421875 0.090625
0 0.07013671875 0.9135546875 0.13671875 0.06859375
0 0.06623046875 0.6075 0.121796875 0.06724609375
0 0.094453125 0.71650390625 0.18181640625 0.079296875
0 0.3125 0.38482421875 0.0355078125 0.76537109375
1 0.70365234375 0.113046875 0.06853515625 0.21830078125