0 0.33876953125 0.68326171875 0.06818359375 0.6295703125
0 0.2672265625 0.6224609375 0.05859375 0.7124609375
0 0.384765625 0.107734375 0.04154296875 0.21474609375
0 0.3883203125 0.3380078125 0.09126953125 0.1094921875
3 0.38494140625 0.240703125 0.09517578125 0.051015625
0 0.97548828125 0.06033203125 0.047578125 0.03119140625
0 0.97408203125 0.146796875 0.05185546875 0.05140625
0 0.973359375 0.23875 0.0433203125 0.04357421875
0 0.96732421875 0.32841796875 0.05255859375 0.0488671875
0 0.95880859375 0.41841796875 0.0355078125 0.0477734375
0 0.96236328125 0.51322265625 0.0426171875 0.03142578125
0 0.9612890625 0.60712890625 0.03337890625 0.059453125
0 0.96271484375 0.69697265625 0.03623046875 0.06154296875
0 0.9847265625 0.47521484375 0.030546875 0.3744140625
3 0.87765625 0.07685546875 0.07564453125 0.0890625